{
 "cells": [
  {
   "cell_type": "markdown",
   "metadata": {},
   "source": [
    "# Лабораторная работа №1\n",
    "## Выполнил студент группы БВТ1902 Власов Глеб"
   ]
  },
  {
   "cell_type": "code",
   "execution_count": 1,
   "metadata": {
    "ExecuteTime": {
     "end_time": "2021-03-16T01:39:49.281661Z",
     "start_time": "2021-03-16T01:39:49.065663Z"
    }
   },
   "outputs": [],
   "source": [
    "import random\n",
    "import pandas as pd\n",
    "import statistics\n",
    "import numpy as np\n",
    "import queue as pq\n",
    "import heapq"
   ]
  },
  {
   "cell_type": "markdown",
   "metadata": {},
   "source": [
    "### Задание 2\n",
    "### Генератор матриц"
   ]
  },
  {
   "cell_type": "code",
   "execution_count": 2,
   "metadata": {
    "ExecuteTime": {
     "end_time": "2021-03-16T01:39:49.926295Z",
     "start_time": "2021-03-16T01:39:49.919756Z"
    }
   },
   "outputs": [],
   "source": [
    "# Предобработка:\n",
    "def gen_matrix(m=50, n=50, min_limit=-250, max_limit=1000):\n",
    "    matrix = pd.DataFrame([[random.randint(min_limit, max_limit) for j in range(n)] for i in range(m)])\n",
    "    \n",
    "    return matrix"
   ]
  },
  {
   "cell_type": "code",
   "execution_count": 3,
   "metadata": {
    "ExecuteTime": {
     "end_time": "2021-03-16T01:39:51.116593Z",
     "start_time": "2021-03-16T01:39:51.103001Z"
    }
   },
   "outputs": [
    {
     "data": {
      "text/html": [
       "<div>\n",
       "<style scoped>\n",
       "    .dataframe tbody tr th:only-of-type {\n",
       "        vertical-align: middle;\n",
       "    }\n",
       "\n",
       "    .dataframe tbody tr th {\n",
       "        vertical-align: top;\n",
       "    }\n",
       "\n",
       "    .dataframe thead th {\n",
       "        text-align: right;\n",
       "    }\n",
       "</style>\n",
       "<table border=\"1\" class=\"dataframe\">\n",
       "  <thead>\n",
       "    <tr style=\"text-align: right;\">\n",
       "      <th></th>\n",
       "      <th>0</th>\n",
       "      <th>1</th>\n",
       "      <th>2</th>\n",
       "      <th>3</th>\n",
       "      <th>4</th>\n",
       "      <th>5</th>\n",
       "      <th>6</th>\n",
       "      <th>7</th>\n",
       "      <th>8</th>\n",
       "      <th>9</th>\n",
       "    </tr>\n",
       "  </thead>\n",
       "  <tbody>\n",
       "    <tr>\n",
       "      <th>0</th>\n",
       "      <td>-122</td>\n",
       "      <td>734</td>\n",
       "      <td>-196</td>\n",
       "      <td>784</td>\n",
       "      <td>-41</td>\n",
       "      <td>909</td>\n",
       "      <td>-35</td>\n",
       "      <td>985</td>\n",
       "      <td>422</td>\n",
       "      <td>64</td>\n",
       "    </tr>\n",
       "    <tr>\n",
       "      <th>1</th>\n",
       "      <td>204</td>\n",
       "      <td>-184</td>\n",
       "      <td>752</td>\n",
       "      <td>-128</td>\n",
       "      <td>950</td>\n",
       "      <td>537</td>\n",
       "      <td>932</td>\n",
       "      <td>234</td>\n",
       "      <td>865</td>\n",
       "      <td>929</td>\n",
       "    </tr>\n",
       "    <tr>\n",
       "      <th>2</th>\n",
       "      <td>-246</td>\n",
       "      <td>124</td>\n",
       "      <td>97</td>\n",
       "      <td>884</td>\n",
       "      <td>359</td>\n",
       "      <td>714</td>\n",
       "      <td>774</td>\n",
       "      <td>555</td>\n",
       "      <td>777</td>\n",
       "      <td>445</td>\n",
       "    </tr>\n",
       "    <tr>\n",
       "      <th>3</th>\n",
       "      <td>770</td>\n",
       "      <td>155</td>\n",
       "      <td>162</td>\n",
       "      <td>-94</td>\n",
       "      <td>-170</td>\n",
       "      <td>879</td>\n",
       "      <td>-80</td>\n",
       "      <td>45</td>\n",
       "      <td>489</td>\n",
       "      <td>219</td>\n",
       "    </tr>\n",
       "    <tr>\n",
       "      <th>4</th>\n",
       "      <td>383</td>\n",
       "      <td>854</td>\n",
       "      <td>839</td>\n",
       "      <td>334</td>\n",
       "      <td>269</td>\n",
       "      <td>818</td>\n",
       "      <td>2</td>\n",
       "      <td>699</td>\n",
       "      <td>-198</td>\n",
       "      <td>996</td>\n",
       "    </tr>\n",
       "    <tr>\n",
       "      <th>5</th>\n",
       "      <td>197</td>\n",
       "      <td>-240</td>\n",
       "      <td>477</td>\n",
       "      <td>198</td>\n",
       "      <td>737</td>\n",
       "      <td>557</td>\n",
       "      <td>-156</td>\n",
       "      <td>742</td>\n",
       "      <td>-61</td>\n",
       "      <td>611</td>\n",
       "    </tr>\n",
       "    <tr>\n",
       "      <th>6</th>\n",
       "      <td>-134</td>\n",
       "      <td>299</td>\n",
       "      <td>893</td>\n",
       "      <td>835</td>\n",
       "      <td>343</td>\n",
       "      <td>19</td>\n",
       "      <td>497</td>\n",
       "      <td>1000</td>\n",
       "      <td>335</td>\n",
       "      <td>35</td>\n",
       "    </tr>\n",
       "    <tr>\n",
       "      <th>7</th>\n",
       "      <td>376</td>\n",
       "      <td>752</td>\n",
       "      <td>867</td>\n",
       "      <td>-27</td>\n",
       "      <td>197</td>\n",
       "      <td>802</td>\n",
       "      <td>254</td>\n",
       "      <td>59</td>\n",
       "      <td>637</td>\n",
       "      <td>144</td>\n",
       "    </tr>\n",
       "    <tr>\n",
       "      <th>8</th>\n",
       "      <td>611</td>\n",
       "      <td>925</td>\n",
       "      <td>-168</td>\n",
       "      <td>-203</td>\n",
       "      <td>504</td>\n",
       "      <td>606</td>\n",
       "      <td>982</td>\n",
       "      <td>697</td>\n",
       "      <td>794</td>\n",
       "      <td>493</td>\n",
       "    </tr>\n",
       "    <tr>\n",
       "      <th>9</th>\n",
       "      <td>698</td>\n",
       "      <td>557</td>\n",
       "      <td>768</td>\n",
       "      <td>923</td>\n",
       "      <td>314</td>\n",
       "      <td>341</td>\n",
       "      <td>332</td>\n",
       "      <td>199</td>\n",
       "      <td>112</td>\n",
       "      <td>532</td>\n",
       "    </tr>\n",
       "  </tbody>\n",
       "</table>\n",
       "</div>"
      ],
      "text/plain": [
       "     0    1    2    3    4    5    6     7    8    9\n",
       "0 -122  734 -196  784  -41  909  -35   985  422   64\n",
       "1  204 -184  752 -128  950  537  932   234  865  929\n",
       "2 -246  124   97  884  359  714  774   555  777  445\n",
       "3  770  155  162  -94 -170  879  -80    45  489  219\n",
       "4  383  854  839  334  269  818    2   699 -198  996\n",
       "5  197 -240  477  198  737  557 -156   742  -61  611\n",
       "6 -134  299  893  835  343   19  497  1000  335   35\n",
       "7  376  752  867  -27  197  802  254    59  637  144\n",
       "8  611  925 -168 -203  504  606  982   697  794  493\n",
       "9  698  557  768  923  314  341  332   199  112  532"
      ]
     },
     "execution_count": 3,
     "metadata": {},
     "output_type": "execute_result"
    }
   ],
   "source": [
    "# Формирование матрицы\n",
    "test = gen_matrix(10, 10)\n",
    "test"
   ]
  },
  {
   "cell_type": "markdown",
   "metadata": {},
   "source": [
    "### Задание 3\n",
    "\n",
    "### Сортировка строк матриц"
   ]
  },
  {
   "cell_type": "code",
   "execution_count": 4,
   "metadata": {
    "ExecuteTime": {
     "end_time": "2021-03-16T01:39:52.771553Z",
     "start_time": "2021-03-16T01:39:52.748471Z"
    }
   },
   "outputs": [],
   "source": [
    "# Предобработка\n",
    "\n",
    "## QUICKSORT\n",
    "def quick_sorted(matrix_str):\n",
    "    if len(matrix_str) <= 1:\n",
    "        return matrix_str\n",
    "    else:\n",
    "        med = statistics.median(matrix_str)\n",
    "        lower_nums = [j for j in matrix_str if j < med]\n",
    "        equal_nums = [j for j in matrix_str if j == med]\n",
    "        bigger_nums = [j for j in matrix_str if j > med]\n",
    "        \n",
    "    return quick_sorted(lower_nums) + equal_nums + quick_sorted(bigger_nums)\n",
    "\n",
    "\n",
    "def quick_sort(matrix):\n",
    "    for it in range(len(matrix)):\n",
    "        matrix.iloc[it] = quick_sorted(matrix.iloc[it])\n",
    "        \n",
    "    return matrix\n",
    "\n",
    "\n",
    "## BUBBLESORT\n",
    "def bubble_sorted(matrix_str):\n",
    "    length = len(matrix_str)\n",
    "    \n",
    "    for it in range(length):\n",
    "        changes = False\n",
    "        for j in range(0, length-it-1):\n",
    "            if matrix_str[j] > matrix_str[j+1]:\n",
    "                matrix_str[j], matrix_str[j+1] = matrix_str[j+1], matrix_str[j]\n",
    "                changes = True\n",
    "                \n",
    "        if changes == False:\n",
    "            return matrix_str\n",
    "            \n",
    "            \n",
    "def bubble_sort(matrix):\n",
    "    for it in range(len(matrix)):\n",
    "        matrix.iloc[it] = bubble_sorted(matrix.iloc[it])\n",
    "        \n",
    "    return matrix\n",
    "        \n",
    "        \n",
    "## SELECTIONSORT\n",
    "def selection_sorted(matrix_str):\n",
    "    length = len(matrix_str)\n",
    "    \n",
    "    for it in range(length):\n",
    "        index = it\n",
    "        for j in range(it+1, length):\n",
    "            if matrix_str[j] < matrix_str[index]:\n",
    "                index = j\n",
    "        matrix_str[it], matrix_str[index] = matrix_str[index], matrix_str[it]\n",
    "    return matrix_str\n",
    "            \n",
    "\n",
    "def selection_sort(matrix):\n",
    "    for it in range(len(matrix)):\n",
    "            matrix.iloc[it] = selection_sorted(matrix.iloc[it])   \n",
    "            \n",
    "    return matrix\n",
    "    \n",
    "\n",
    "## INSERTIONSORT\n",
    "def insertion_sorted(matrix_str):\n",
    "    matrix_str = list(matrix_str)\n",
    "    \n",
    "    for it, n in enumerate(matrix_str):\n",
    "        ins_pos = 0\n",
    "        for j, m in reversed([num for num in enumerate(matrix_str[:it])]):\n",
    "            if m < n:\n",
    "                ins_pos = j + 1\n",
    "                break\n",
    "        matrix_str.insert(ins_pos, matrix_str.pop(it))\n",
    "                \n",
    "    return matrix_str\n",
    "\n",
    "\n",
    "def insertion_sort(matrix):\n",
    "    for it in range(len(matrix)):\n",
    "            matrix.iloc[it] = insertion_sorted(matrix.iloc[it])  \n",
    "            \n",
    "    return matrix\n",
    "\n",
    "\n",
    "## SHELLSORT #non optimized version???\n",
    "def shell_sorted(matrix_str):\n",
    "    length = len(matrix_str)\n",
    "    gap = length \n",
    "    \n",
    "    while gap > 0:\n",
    "        for it in range(gap, length):\n",
    "            buff = matrix_str[it]\n",
    "            j = it\n",
    "            while j >= gap and matrix_str[j-gap] > buff:\n",
    "                matrix_str[j] = matrix_str[j-gap]\n",
    "                j -= gap\n",
    "            matrix_str[j] = buff\n",
    "        gap //= 2\n",
    "    \n",
    "    return matrix_str\n",
    "\n",
    "\n",
    "def shell_sort(matrix):\n",
    "    for it in range(len(matrix)):\n",
    "            matrix.iloc[it] = shell_sorted(matrix.iloc[it])  \n",
    "            \n",
    "    return matrix\n",
    "\n",
    "## HEAPSORT\n",
    "def heapify(matrix_str):\n",
    "    for it in reversed(range(1, len(matrix_str))):\n",
    "        parent = (it - 1)//2\n",
    "        if matrix_str[parent] > matrix_str[it]:\n",
    "            matrix_str[parent], matrix_str[it] = matrix_str[it], matrix_str[parent]\n",
    "            \n",
    "            \n",
    "def heap_sorted(it):\n",
    "    result = []\n",
    "    matrix_str = list(it)\n",
    "    \n",
    "    while matrix_str:\n",
    "        heapify(matrix_str)\n",
    "        result.append(matrix_str.pop(0))\n",
    "        \n",
    "    return result\n",
    "\n",
    "\n",
    "def heap_sort(matrix):\n",
    "    for it in range(len(matrix)):\n",
    "        matrix.iloc[it] = heap_sorted(matrix.iloc[it])\n",
    "        \n",
    "    return matrix"
   ]
  },
  {
   "cell_type": "code",
   "execution_count": 5,
   "metadata": {
    "ExecuteTime": {
     "end_time": "2021-03-16T01:39:54.518484Z",
     "start_time": "2021-03-16T01:39:54.506489Z"
    }
   },
   "outputs": [],
   "source": [
    "# Делаю копии матриц для проверки\n",
    "test_sort_quick = test.copy()\n",
    "test_sort_bubble = test.copy()\n",
    "test_sort_selection = test.copy()\n",
    "test_sort_insertion = test.copy()\n",
    "test_sort_shell = test.copy()\n",
    "test_sort_tournament = test.copy()\n",
    "test_sort_heap = test.copy()"
   ]
  },
  {
   "cell_type": "code",
   "execution_count": 6,
   "metadata": {
    "ExecuteTime": {
     "end_time": "2021-03-16T01:39:55.337781Z",
     "start_time": "2021-03-16T01:39:55.323807Z"
    }
   },
   "outputs": [
    {
     "name": "stdout",
     "output_type": "stream",
     "text": [
      "Wall time: 3 ms\n"
     ]
    },
    {
     "data": {
      "text/html": [
       "<div>\n",
       "<style scoped>\n",
       "    .dataframe tbody tr th:only-of-type {\n",
       "        vertical-align: middle;\n",
       "    }\n",
       "\n",
       "    .dataframe tbody tr th {\n",
       "        vertical-align: top;\n",
       "    }\n",
       "\n",
       "    .dataframe thead th {\n",
       "        text-align: right;\n",
       "    }\n",
       "</style>\n",
       "<table border=\"1\" class=\"dataframe\">\n",
       "  <thead>\n",
       "    <tr style=\"text-align: right;\">\n",
       "      <th></th>\n",
       "      <th>0</th>\n",
       "      <th>1</th>\n",
       "      <th>2</th>\n",
       "      <th>3</th>\n",
       "      <th>4</th>\n",
       "      <th>5</th>\n",
       "      <th>6</th>\n",
       "      <th>7</th>\n",
       "      <th>8</th>\n",
       "      <th>9</th>\n",
       "    </tr>\n",
       "  </thead>\n",
       "  <tbody>\n",
       "    <tr>\n",
       "      <th>0</th>\n",
       "      <td>-196</td>\n",
       "      <td>-122</td>\n",
       "      <td>-41</td>\n",
       "      <td>-35</td>\n",
       "      <td>64</td>\n",
       "      <td>422</td>\n",
       "      <td>734</td>\n",
       "      <td>784</td>\n",
       "      <td>909</td>\n",
       "      <td>985</td>\n",
       "    </tr>\n",
       "    <tr>\n",
       "      <th>1</th>\n",
       "      <td>-184</td>\n",
       "      <td>-128</td>\n",
       "      <td>204</td>\n",
       "      <td>234</td>\n",
       "      <td>537</td>\n",
       "      <td>752</td>\n",
       "      <td>865</td>\n",
       "      <td>929</td>\n",
       "      <td>932</td>\n",
       "      <td>950</td>\n",
       "    </tr>\n",
       "    <tr>\n",
       "      <th>2</th>\n",
       "      <td>-246</td>\n",
       "      <td>97</td>\n",
       "      <td>124</td>\n",
       "      <td>359</td>\n",
       "      <td>445</td>\n",
       "      <td>555</td>\n",
       "      <td>714</td>\n",
       "      <td>774</td>\n",
       "      <td>777</td>\n",
       "      <td>884</td>\n",
       "    </tr>\n",
       "    <tr>\n",
       "      <th>3</th>\n",
       "      <td>-170</td>\n",
       "      <td>-94</td>\n",
       "      <td>-80</td>\n",
       "      <td>45</td>\n",
       "      <td>155</td>\n",
       "      <td>162</td>\n",
       "      <td>219</td>\n",
       "      <td>489</td>\n",
       "      <td>770</td>\n",
       "      <td>879</td>\n",
       "    </tr>\n",
       "    <tr>\n",
       "      <th>4</th>\n",
       "      <td>-198</td>\n",
       "      <td>2</td>\n",
       "      <td>269</td>\n",
       "      <td>334</td>\n",
       "      <td>383</td>\n",
       "      <td>699</td>\n",
       "      <td>818</td>\n",
       "      <td>839</td>\n",
       "      <td>854</td>\n",
       "      <td>996</td>\n",
       "    </tr>\n",
       "    <tr>\n",
       "      <th>5</th>\n",
       "      <td>-240</td>\n",
       "      <td>-156</td>\n",
       "      <td>-61</td>\n",
       "      <td>197</td>\n",
       "      <td>198</td>\n",
       "      <td>477</td>\n",
       "      <td>557</td>\n",
       "      <td>611</td>\n",
       "      <td>737</td>\n",
       "      <td>742</td>\n",
       "    </tr>\n",
       "    <tr>\n",
       "      <th>6</th>\n",
       "      <td>-134</td>\n",
       "      <td>19</td>\n",
       "      <td>35</td>\n",
       "      <td>299</td>\n",
       "      <td>335</td>\n",
       "      <td>343</td>\n",
       "      <td>497</td>\n",
       "      <td>835</td>\n",
       "      <td>893</td>\n",
       "      <td>1000</td>\n",
       "    </tr>\n",
       "    <tr>\n",
       "      <th>7</th>\n",
       "      <td>-27</td>\n",
       "      <td>59</td>\n",
       "      <td>144</td>\n",
       "      <td>197</td>\n",
       "      <td>254</td>\n",
       "      <td>376</td>\n",
       "      <td>637</td>\n",
       "      <td>752</td>\n",
       "      <td>802</td>\n",
       "      <td>867</td>\n",
       "    </tr>\n",
       "    <tr>\n",
       "      <th>8</th>\n",
       "      <td>-203</td>\n",
       "      <td>-168</td>\n",
       "      <td>493</td>\n",
       "      <td>504</td>\n",
       "      <td>606</td>\n",
       "      <td>611</td>\n",
       "      <td>697</td>\n",
       "      <td>794</td>\n",
       "      <td>925</td>\n",
       "      <td>982</td>\n",
       "    </tr>\n",
       "    <tr>\n",
       "      <th>9</th>\n",
       "      <td>112</td>\n",
       "      <td>199</td>\n",
       "      <td>314</td>\n",
       "      <td>332</td>\n",
       "      <td>341</td>\n",
       "      <td>532</td>\n",
       "      <td>557</td>\n",
       "      <td>698</td>\n",
       "      <td>768</td>\n",
       "      <td>923</td>\n",
       "    </tr>\n",
       "  </tbody>\n",
       "</table>\n",
       "</div>"
      ],
      "text/plain": [
       "     0    1    2    3    4    5    6    7    8     9\n",
       "0 -196 -122  -41  -35   64  422  734  784  909   985\n",
       "1 -184 -128  204  234  537  752  865  929  932   950\n",
       "2 -246   97  124  359  445  555  714  774  777   884\n",
       "3 -170  -94  -80   45  155  162  219  489  770   879\n",
       "4 -198    2  269  334  383  699  818  839  854   996\n",
       "5 -240 -156  -61  197  198  477  557  611  737   742\n",
       "6 -134   19   35  299  335  343  497  835  893  1000\n",
       "7  -27   59  144  197  254  376  637  752  802   867\n",
       "8 -203 -168  493  504  606  611  697  794  925   982\n",
       "9  112  199  314  332  341  532  557  698  768   923"
      ]
     },
     "execution_count": 6,
     "metadata": {},
     "output_type": "execute_result"
    }
   ],
   "source": [
    "%%time \n",
    "quick_sort(test_sort_quick)\n",
    "test_sort_quick"
   ]
  },
  {
   "cell_type": "code",
   "execution_count": 7,
   "metadata": {
    "ExecuteTime": {
     "end_time": "2021-03-16T01:39:57.301761Z",
     "start_time": "2021-03-16T01:39:57.251886Z"
    }
   },
   "outputs": [
    {
     "name": "stdout",
     "output_type": "stream",
     "text": [
      "Wall time: 32.9 ms\n"
     ]
    },
    {
     "data": {
      "text/html": [
       "<div>\n",
       "<style scoped>\n",
       "    .dataframe tbody tr th:only-of-type {\n",
       "        vertical-align: middle;\n",
       "    }\n",
       "\n",
       "    .dataframe tbody tr th {\n",
       "        vertical-align: top;\n",
       "    }\n",
       "\n",
       "    .dataframe thead th {\n",
       "        text-align: right;\n",
       "    }\n",
       "</style>\n",
       "<table border=\"1\" class=\"dataframe\">\n",
       "  <thead>\n",
       "    <tr style=\"text-align: right;\">\n",
       "      <th></th>\n",
       "      <th>0</th>\n",
       "      <th>1</th>\n",
       "      <th>2</th>\n",
       "      <th>3</th>\n",
       "      <th>4</th>\n",
       "      <th>5</th>\n",
       "      <th>6</th>\n",
       "      <th>7</th>\n",
       "      <th>8</th>\n",
       "      <th>9</th>\n",
       "    </tr>\n",
       "  </thead>\n",
       "  <tbody>\n",
       "    <tr>\n",
       "      <th>0</th>\n",
       "      <td>-196</td>\n",
       "      <td>-122</td>\n",
       "      <td>-41</td>\n",
       "      <td>-35</td>\n",
       "      <td>64</td>\n",
       "      <td>422</td>\n",
       "      <td>734</td>\n",
       "      <td>784</td>\n",
       "      <td>909</td>\n",
       "      <td>985</td>\n",
       "    </tr>\n",
       "    <tr>\n",
       "      <th>1</th>\n",
       "      <td>-184</td>\n",
       "      <td>-128</td>\n",
       "      <td>204</td>\n",
       "      <td>234</td>\n",
       "      <td>537</td>\n",
       "      <td>752</td>\n",
       "      <td>865</td>\n",
       "      <td>929</td>\n",
       "      <td>932</td>\n",
       "      <td>950</td>\n",
       "    </tr>\n",
       "    <tr>\n",
       "      <th>2</th>\n",
       "      <td>-246</td>\n",
       "      <td>97</td>\n",
       "      <td>124</td>\n",
       "      <td>359</td>\n",
       "      <td>445</td>\n",
       "      <td>555</td>\n",
       "      <td>714</td>\n",
       "      <td>774</td>\n",
       "      <td>777</td>\n",
       "      <td>884</td>\n",
       "    </tr>\n",
       "    <tr>\n",
       "      <th>3</th>\n",
       "      <td>-170</td>\n",
       "      <td>-94</td>\n",
       "      <td>-80</td>\n",
       "      <td>45</td>\n",
       "      <td>155</td>\n",
       "      <td>162</td>\n",
       "      <td>219</td>\n",
       "      <td>489</td>\n",
       "      <td>770</td>\n",
       "      <td>879</td>\n",
       "    </tr>\n",
       "    <tr>\n",
       "      <th>4</th>\n",
       "      <td>-198</td>\n",
       "      <td>2</td>\n",
       "      <td>269</td>\n",
       "      <td>334</td>\n",
       "      <td>383</td>\n",
       "      <td>699</td>\n",
       "      <td>818</td>\n",
       "      <td>839</td>\n",
       "      <td>854</td>\n",
       "      <td>996</td>\n",
       "    </tr>\n",
       "    <tr>\n",
       "      <th>5</th>\n",
       "      <td>-240</td>\n",
       "      <td>-156</td>\n",
       "      <td>-61</td>\n",
       "      <td>197</td>\n",
       "      <td>198</td>\n",
       "      <td>477</td>\n",
       "      <td>557</td>\n",
       "      <td>611</td>\n",
       "      <td>737</td>\n",
       "      <td>742</td>\n",
       "    </tr>\n",
       "    <tr>\n",
       "      <th>6</th>\n",
       "      <td>-134</td>\n",
       "      <td>19</td>\n",
       "      <td>35</td>\n",
       "      <td>299</td>\n",
       "      <td>335</td>\n",
       "      <td>343</td>\n",
       "      <td>497</td>\n",
       "      <td>835</td>\n",
       "      <td>893</td>\n",
       "      <td>1000</td>\n",
       "    </tr>\n",
       "    <tr>\n",
       "      <th>7</th>\n",
       "      <td>-27</td>\n",
       "      <td>59</td>\n",
       "      <td>144</td>\n",
       "      <td>197</td>\n",
       "      <td>254</td>\n",
       "      <td>376</td>\n",
       "      <td>637</td>\n",
       "      <td>752</td>\n",
       "      <td>802</td>\n",
       "      <td>867</td>\n",
       "    </tr>\n",
       "    <tr>\n",
       "      <th>8</th>\n",
       "      <td>-203</td>\n",
       "      <td>-168</td>\n",
       "      <td>493</td>\n",
       "      <td>504</td>\n",
       "      <td>606</td>\n",
       "      <td>611</td>\n",
       "      <td>697</td>\n",
       "      <td>794</td>\n",
       "      <td>925</td>\n",
       "      <td>982</td>\n",
       "    </tr>\n",
       "    <tr>\n",
       "      <th>9</th>\n",
       "      <td>112</td>\n",
       "      <td>199</td>\n",
       "      <td>314</td>\n",
       "      <td>332</td>\n",
       "      <td>341</td>\n",
       "      <td>532</td>\n",
       "      <td>557</td>\n",
       "      <td>698</td>\n",
       "      <td>768</td>\n",
       "      <td>923</td>\n",
       "    </tr>\n",
       "  </tbody>\n",
       "</table>\n",
       "</div>"
      ],
      "text/plain": [
       "     0    1    2    3    4    5    6    7    8     9\n",
       "0 -196 -122  -41  -35   64  422  734  784  909   985\n",
       "1 -184 -128  204  234  537  752  865  929  932   950\n",
       "2 -246   97  124  359  445  555  714  774  777   884\n",
       "3 -170  -94  -80   45  155  162  219  489  770   879\n",
       "4 -198    2  269  334  383  699  818  839  854   996\n",
       "5 -240 -156  -61  197  198  477  557  611  737   742\n",
       "6 -134   19   35  299  335  343  497  835  893  1000\n",
       "7  -27   59  144  197  254  376  637  752  802   867\n",
       "8 -203 -168  493  504  606  611  697  794  925   982\n",
       "9  112  199  314  332  341  532  557  698  768   923"
      ]
     },
     "execution_count": 7,
     "metadata": {},
     "output_type": "execute_result"
    }
   ],
   "source": [
    "%%time \n",
    "bubble_sort(test_sort_bubble)\n",
    "test_sort_bubble"
   ]
  },
  {
   "cell_type": "code",
   "execution_count": 8,
   "metadata": {
    "ExecuteTime": {
     "end_time": "2021-03-16T01:39:58.018817Z",
     "start_time": "2021-03-16T01:39:57.986952Z"
    }
   },
   "outputs": [
    {
     "name": "stdout",
     "output_type": "stream",
     "text": [
      "Wall time: 14 ms\n"
     ]
    },
    {
     "data": {
      "text/html": [
       "<div>\n",
       "<style scoped>\n",
       "    .dataframe tbody tr th:only-of-type {\n",
       "        vertical-align: middle;\n",
       "    }\n",
       "\n",
       "    .dataframe tbody tr th {\n",
       "        vertical-align: top;\n",
       "    }\n",
       "\n",
       "    .dataframe thead th {\n",
       "        text-align: right;\n",
       "    }\n",
       "</style>\n",
       "<table border=\"1\" class=\"dataframe\">\n",
       "  <thead>\n",
       "    <tr style=\"text-align: right;\">\n",
       "      <th></th>\n",
       "      <th>0</th>\n",
       "      <th>1</th>\n",
       "      <th>2</th>\n",
       "      <th>3</th>\n",
       "      <th>4</th>\n",
       "      <th>5</th>\n",
       "      <th>6</th>\n",
       "      <th>7</th>\n",
       "      <th>8</th>\n",
       "      <th>9</th>\n",
       "    </tr>\n",
       "  </thead>\n",
       "  <tbody>\n",
       "    <tr>\n",
       "      <th>0</th>\n",
       "      <td>-196</td>\n",
       "      <td>-122</td>\n",
       "      <td>-41</td>\n",
       "      <td>-35</td>\n",
       "      <td>64</td>\n",
       "      <td>422</td>\n",
       "      <td>734</td>\n",
       "      <td>784</td>\n",
       "      <td>909</td>\n",
       "      <td>985</td>\n",
       "    </tr>\n",
       "    <tr>\n",
       "      <th>1</th>\n",
       "      <td>-184</td>\n",
       "      <td>-128</td>\n",
       "      <td>204</td>\n",
       "      <td>234</td>\n",
       "      <td>537</td>\n",
       "      <td>752</td>\n",
       "      <td>865</td>\n",
       "      <td>929</td>\n",
       "      <td>932</td>\n",
       "      <td>950</td>\n",
       "    </tr>\n",
       "    <tr>\n",
       "      <th>2</th>\n",
       "      <td>-246</td>\n",
       "      <td>97</td>\n",
       "      <td>124</td>\n",
       "      <td>359</td>\n",
       "      <td>445</td>\n",
       "      <td>555</td>\n",
       "      <td>714</td>\n",
       "      <td>774</td>\n",
       "      <td>777</td>\n",
       "      <td>884</td>\n",
       "    </tr>\n",
       "    <tr>\n",
       "      <th>3</th>\n",
       "      <td>-170</td>\n",
       "      <td>-94</td>\n",
       "      <td>-80</td>\n",
       "      <td>45</td>\n",
       "      <td>155</td>\n",
       "      <td>162</td>\n",
       "      <td>219</td>\n",
       "      <td>489</td>\n",
       "      <td>770</td>\n",
       "      <td>879</td>\n",
       "    </tr>\n",
       "    <tr>\n",
       "      <th>4</th>\n",
       "      <td>-198</td>\n",
       "      <td>2</td>\n",
       "      <td>269</td>\n",
       "      <td>334</td>\n",
       "      <td>383</td>\n",
       "      <td>699</td>\n",
       "      <td>818</td>\n",
       "      <td>839</td>\n",
       "      <td>854</td>\n",
       "      <td>996</td>\n",
       "    </tr>\n",
       "    <tr>\n",
       "      <th>5</th>\n",
       "      <td>-240</td>\n",
       "      <td>-156</td>\n",
       "      <td>-61</td>\n",
       "      <td>197</td>\n",
       "      <td>198</td>\n",
       "      <td>477</td>\n",
       "      <td>557</td>\n",
       "      <td>611</td>\n",
       "      <td>737</td>\n",
       "      <td>742</td>\n",
       "    </tr>\n",
       "    <tr>\n",
       "      <th>6</th>\n",
       "      <td>-134</td>\n",
       "      <td>19</td>\n",
       "      <td>35</td>\n",
       "      <td>299</td>\n",
       "      <td>335</td>\n",
       "      <td>343</td>\n",
       "      <td>497</td>\n",
       "      <td>835</td>\n",
       "      <td>893</td>\n",
       "      <td>1000</td>\n",
       "    </tr>\n",
       "    <tr>\n",
       "      <th>7</th>\n",
       "      <td>-27</td>\n",
       "      <td>59</td>\n",
       "      <td>144</td>\n",
       "      <td>197</td>\n",
       "      <td>254</td>\n",
       "      <td>376</td>\n",
       "      <td>637</td>\n",
       "      <td>752</td>\n",
       "      <td>802</td>\n",
       "      <td>867</td>\n",
       "    </tr>\n",
       "    <tr>\n",
       "      <th>8</th>\n",
       "      <td>-203</td>\n",
       "      <td>-168</td>\n",
       "      <td>493</td>\n",
       "      <td>504</td>\n",
       "      <td>606</td>\n",
       "      <td>611</td>\n",
       "      <td>697</td>\n",
       "      <td>794</td>\n",
       "      <td>925</td>\n",
       "      <td>982</td>\n",
       "    </tr>\n",
       "    <tr>\n",
       "      <th>9</th>\n",
       "      <td>112</td>\n",
       "      <td>199</td>\n",
       "      <td>314</td>\n",
       "      <td>332</td>\n",
       "      <td>341</td>\n",
       "      <td>532</td>\n",
       "      <td>557</td>\n",
       "      <td>698</td>\n",
       "      <td>768</td>\n",
       "      <td>923</td>\n",
       "    </tr>\n",
       "  </tbody>\n",
       "</table>\n",
       "</div>"
      ],
      "text/plain": [
       "     0    1    2    3    4    5    6    7    8     9\n",
       "0 -196 -122  -41  -35   64  422  734  784  909   985\n",
       "1 -184 -128  204  234  537  752  865  929  932   950\n",
       "2 -246   97  124  359  445  555  714  774  777   884\n",
       "3 -170  -94  -80   45  155  162  219  489  770   879\n",
       "4 -198    2  269  334  383  699  818  839  854   996\n",
       "5 -240 -156  -61  197  198  477  557  611  737   742\n",
       "6 -134   19   35  299  335  343  497  835  893  1000\n",
       "7  -27   59  144  197  254  376  637  752  802   867\n",
       "8 -203 -168  493  504  606  611  697  794  925   982\n",
       "9  112  199  314  332  341  532  557  698  768   923"
      ]
     },
     "execution_count": 8,
     "metadata": {},
     "output_type": "execute_result"
    }
   ],
   "source": [
    "%%time \n",
    "selection_sort(test_sort_selection)\n",
    "test_sort_selection\n",
    "# arr = [3,1,2,5]\n",
    "# selection_sorted(arr)\n",
    "# arr"
   ]
  },
  {
   "cell_type": "code",
   "execution_count": 9,
   "metadata": {
    "ExecuteTime": {
     "end_time": "2021-03-16T01:39:58.802139Z",
     "start_time": "2021-03-16T01:39:58.789169Z"
    }
   },
   "outputs": [
    {
     "name": "stdout",
     "output_type": "stream",
     "text": [
      "Wall time: 3 ms\n"
     ]
    },
    {
     "data": {
      "text/html": [
       "<div>\n",
       "<style scoped>\n",
       "    .dataframe tbody tr th:only-of-type {\n",
       "        vertical-align: middle;\n",
       "    }\n",
       "\n",
       "    .dataframe tbody tr th {\n",
       "        vertical-align: top;\n",
       "    }\n",
       "\n",
       "    .dataframe thead th {\n",
       "        text-align: right;\n",
       "    }\n",
       "</style>\n",
       "<table border=\"1\" class=\"dataframe\">\n",
       "  <thead>\n",
       "    <tr style=\"text-align: right;\">\n",
       "      <th></th>\n",
       "      <th>0</th>\n",
       "      <th>1</th>\n",
       "      <th>2</th>\n",
       "      <th>3</th>\n",
       "      <th>4</th>\n",
       "      <th>5</th>\n",
       "      <th>6</th>\n",
       "      <th>7</th>\n",
       "      <th>8</th>\n",
       "      <th>9</th>\n",
       "    </tr>\n",
       "  </thead>\n",
       "  <tbody>\n",
       "    <tr>\n",
       "      <th>0</th>\n",
       "      <td>-196</td>\n",
       "      <td>-122</td>\n",
       "      <td>-41</td>\n",
       "      <td>-35</td>\n",
       "      <td>64</td>\n",
       "      <td>422</td>\n",
       "      <td>734</td>\n",
       "      <td>784</td>\n",
       "      <td>909</td>\n",
       "      <td>985</td>\n",
       "    </tr>\n",
       "    <tr>\n",
       "      <th>1</th>\n",
       "      <td>-184</td>\n",
       "      <td>-128</td>\n",
       "      <td>204</td>\n",
       "      <td>234</td>\n",
       "      <td>537</td>\n",
       "      <td>752</td>\n",
       "      <td>865</td>\n",
       "      <td>929</td>\n",
       "      <td>932</td>\n",
       "      <td>950</td>\n",
       "    </tr>\n",
       "    <tr>\n",
       "      <th>2</th>\n",
       "      <td>-246</td>\n",
       "      <td>97</td>\n",
       "      <td>124</td>\n",
       "      <td>359</td>\n",
       "      <td>445</td>\n",
       "      <td>555</td>\n",
       "      <td>714</td>\n",
       "      <td>774</td>\n",
       "      <td>777</td>\n",
       "      <td>884</td>\n",
       "    </tr>\n",
       "    <tr>\n",
       "      <th>3</th>\n",
       "      <td>-170</td>\n",
       "      <td>-94</td>\n",
       "      <td>-80</td>\n",
       "      <td>45</td>\n",
       "      <td>155</td>\n",
       "      <td>162</td>\n",
       "      <td>219</td>\n",
       "      <td>489</td>\n",
       "      <td>770</td>\n",
       "      <td>879</td>\n",
       "    </tr>\n",
       "    <tr>\n",
       "      <th>4</th>\n",
       "      <td>-198</td>\n",
       "      <td>2</td>\n",
       "      <td>269</td>\n",
       "      <td>334</td>\n",
       "      <td>383</td>\n",
       "      <td>699</td>\n",
       "      <td>818</td>\n",
       "      <td>839</td>\n",
       "      <td>854</td>\n",
       "      <td>996</td>\n",
       "    </tr>\n",
       "    <tr>\n",
       "      <th>5</th>\n",
       "      <td>-240</td>\n",
       "      <td>-156</td>\n",
       "      <td>-61</td>\n",
       "      <td>197</td>\n",
       "      <td>198</td>\n",
       "      <td>477</td>\n",
       "      <td>557</td>\n",
       "      <td>611</td>\n",
       "      <td>737</td>\n",
       "      <td>742</td>\n",
       "    </tr>\n",
       "    <tr>\n",
       "      <th>6</th>\n",
       "      <td>-134</td>\n",
       "      <td>19</td>\n",
       "      <td>35</td>\n",
       "      <td>299</td>\n",
       "      <td>335</td>\n",
       "      <td>343</td>\n",
       "      <td>497</td>\n",
       "      <td>835</td>\n",
       "      <td>893</td>\n",
       "      <td>1000</td>\n",
       "    </tr>\n",
       "    <tr>\n",
       "      <th>7</th>\n",
       "      <td>-27</td>\n",
       "      <td>59</td>\n",
       "      <td>144</td>\n",
       "      <td>197</td>\n",
       "      <td>254</td>\n",
       "      <td>376</td>\n",
       "      <td>637</td>\n",
       "      <td>752</td>\n",
       "      <td>802</td>\n",
       "      <td>867</td>\n",
       "    </tr>\n",
       "    <tr>\n",
       "      <th>8</th>\n",
       "      <td>-203</td>\n",
       "      <td>-168</td>\n",
       "      <td>493</td>\n",
       "      <td>504</td>\n",
       "      <td>606</td>\n",
       "      <td>611</td>\n",
       "      <td>697</td>\n",
       "      <td>794</td>\n",
       "      <td>925</td>\n",
       "      <td>982</td>\n",
       "    </tr>\n",
       "    <tr>\n",
       "      <th>9</th>\n",
       "      <td>112</td>\n",
       "      <td>199</td>\n",
       "      <td>314</td>\n",
       "      <td>332</td>\n",
       "      <td>341</td>\n",
       "      <td>532</td>\n",
       "      <td>557</td>\n",
       "      <td>698</td>\n",
       "      <td>768</td>\n",
       "      <td>923</td>\n",
       "    </tr>\n",
       "  </tbody>\n",
       "</table>\n",
       "</div>"
      ],
      "text/plain": [
       "     0    1    2    3    4    5    6    7    8     9\n",
       "0 -196 -122  -41  -35   64  422  734  784  909   985\n",
       "1 -184 -128  204  234  537  752  865  929  932   950\n",
       "2 -246   97  124  359  445  555  714  774  777   884\n",
       "3 -170  -94  -80   45  155  162  219  489  770   879\n",
       "4 -198    2  269  334  383  699  818  839  854   996\n",
       "5 -240 -156  -61  197  198  477  557  611  737   742\n",
       "6 -134   19   35  299  335  343  497  835  893  1000\n",
       "7  -27   59  144  197  254  376  637  752  802   867\n",
       "8 -203 -168  493  504  606  611  697  794  925   982\n",
       "9  112  199  314  332  341  532  557  698  768   923"
      ]
     },
     "execution_count": 9,
     "metadata": {},
     "output_type": "execute_result"
    }
   ],
   "source": [
    "%%time \n",
    "insertion_sort(test_sort_insertion)\n",
    "test_sort_insertion"
   ]
  },
  {
   "cell_type": "code",
   "execution_count": 10,
   "metadata": {
    "ExecuteTime": {
     "end_time": "2021-03-16T01:39:59.663793Z",
     "start_time": "2021-03-16T01:39:59.638861Z"
    }
   },
   "outputs": [
    {
     "name": "stdout",
     "output_type": "stream",
     "text": [
      "Wall time: 10.9 ms\n"
     ]
    },
    {
     "data": {
      "text/html": [
       "<div>\n",
       "<style scoped>\n",
       "    .dataframe tbody tr th:only-of-type {\n",
       "        vertical-align: middle;\n",
       "    }\n",
       "\n",
       "    .dataframe tbody tr th {\n",
       "        vertical-align: top;\n",
       "    }\n",
       "\n",
       "    .dataframe thead th {\n",
       "        text-align: right;\n",
       "    }\n",
       "</style>\n",
       "<table border=\"1\" class=\"dataframe\">\n",
       "  <thead>\n",
       "    <tr style=\"text-align: right;\">\n",
       "      <th></th>\n",
       "      <th>0</th>\n",
       "      <th>1</th>\n",
       "      <th>2</th>\n",
       "      <th>3</th>\n",
       "      <th>4</th>\n",
       "      <th>5</th>\n",
       "      <th>6</th>\n",
       "      <th>7</th>\n",
       "      <th>8</th>\n",
       "      <th>9</th>\n",
       "    </tr>\n",
       "  </thead>\n",
       "  <tbody>\n",
       "    <tr>\n",
       "      <th>0</th>\n",
       "      <td>-196</td>\n",
       "      <td>-122</td>\n",
       "      <td>-41</td>\n",
       "      <td>-35</td>\n",
       "      <td>64</td>\n",
       "      <td>422</td>\n",
       "      <td>734</td>\n",
       "      <td>784</td>\n",
       "      <td>909</td>\n",
       "      <td>985</td>\n",
       "    </tr>\n",
       "    <tr>\n",
       "      <th>1</th>\n",
       "      <td>-184</td>\n",
       "      <td>-128</td>\n",
       "      <td>204</td>\n",
       "      <td>234</td>\n",
       "      <td>537</td>\n",
       "      <td>752</td>\n",
       "      <td>865</td>\n",
       "      <td>929</td>\n",
       "      <td>932</td>\n",
       "      <td>950</td>\n",
       "    </tr>\n",
       "    <tr>\n",
       "      <th>2</th>\n",
       "      <td>-246</td>\n",
       "      <td>97</td>\n",
       "      <td>124</td>\n",
       "      <td>359</td>\n",
       "      <td>445</td>\n",
       "      <td>555</td>\n",
       "      <td>714</td>\n",
       "      <td>774</td>\n",
       "      <td>777</td>\n",
       "      <td>884</td>\n",
       "    </tr>\n",
       "    <tr>\n",
       "      <th>3</th>\n",
       "      <td>-170</td>\n",
       "      <td>-94</td>\n",
